93
0 568 15 1
0 588 3 0
260 588 2 0
0 608 2 0
240 608 5 0
0 628 2 0
100 628 14 0
0 648 2 0
240 648 7 0
0 668 3 0
260 668 7 0
0 688 10 0
260 688 7 0
0 708 2 0
260 708 7 0
0 728 2 0
240 728 8 0
0 748 20 0
0 283 4 0
0 303 8 0
0 323 12 0
480 323 1 0
0 343 25 0
0 363 25 0
132.4 183.25 22 0
332.4 203.25 17 0
552.4 222.5 6 0
612.4 242.5 8 0
612.4 262.5 13 0
732.4 282.5 15 0
0 120 13 0
360 60 13 1
360 80 1 0
600 80 1 0
360 100 2 0
580 100 2 0
360 120 13 0
732.4 183.25 3 0
872.4 163.25 2 0
972.4 113.25 1 0
832.4 73.25 3 0
712.4 83.25 2 0
620 270 2 0
620 290 2 0
620 310 2 0
620 330 2 0
620 350 2 0
620 370 2 0
620 390 2 0
620 410 2 0
620 430 2 0
340 450 16 0
340 470 21 0
620 490 2 0
620 510 2 0
620 530 2 0
620 550 2 0
620 570 1 0
460 708 2 0
460 728 2 0
460 748 2 0
560 668 1 0
560 688 1 0
560 708 1 0
560 728 1 0
560 748 1 0
620 630 2 0
620 650 2 0
620 670 2 0
620 690 2 0
620 710 2 0
620 730 2 0
620 750 2 0
740 628 3 0
740 648 3 0
740 668 3 0
740 688 3 0
740 708 3 0
740 728 3 0
740 748 3 0
870 588 1 0
870 608 1 0
870 628 1 0
870 648 1 0
870 668 1 0
870 688 1 0
870 708 1 0
870 728 1 0
870 748 1 0
960 548 4 0
800 508 5 0
790 420 1 0
860 408 9 0